119 2011 250 0.0766 0.0700 0.0070 71
119 2010 417 0.0709 0.0701 0.0009 571
119 2009 402 0.0700 0.0761 -0.0065 
119 2008 350 0.0701 0.0917 -0.0238 
119 2007 381 0.0761 0.1050 -0.0323 
119 2006 450 0.0917 0.1083 -0.0185 
119 2005 494 0.1050 0.1404 -0.0412 
119 2004 478 0.1083 0.1615 -0.0635 
119 2003 426 0.1404 0.0356 0.1087 5
119 2002 245 0.1615 0.0107 0.1524 3
119 2001 150 0.0356 0.0016 0.0340 15
119 2000 170 0.0107 0.0021 0.0087 58
119 1999 149 0.0016 0.0021 -0.0005 
119 1998 125 0.0021 0.0050 -0.0030 
119 1997 67 0.0021 0.0051 -0.0030 
119 1996 59 0.0050 0.0000 0.0050 99
119 1995 55 0.0051 0.0000 0.0051 98
119 1994 26 0.0000 0.0000 0.0000 
119 1993 10 0.0000   
119 1992 3 0.0000   
